baseline=150
f=946.483093
cx=1279 - 700.562195
cy=392.026093