cam0=[946.483093 0 578.437805; 0 946.483093 392.026093; 0 0 1]
cam1=[946.483093 0 578.437805; 0 946.483093 392.026093; 0 0 1]
doffs=0
baseline=150
width=1280
height=800
ndisp=670
isint=0
vmin=0
vmax=670
dyavg=0
dymax=0
